-8070
5473
8924
-4405
-5533
-7094
-6906
4279
5246
9854
3268
-5199
-7301
4927
1064
-93
-1257
-8433
-2700
864
-4653
196
8453
3860
-5350
4468
-8927
7941
-6931
-8574
7823
9617
8414
-5983
3792
191
-1442
-6553
8662
7304
5171
-9300
3011
8017
1440
-6569
5185
-1658
2408
-4036
4073
-8007
5705
3519
2412
-7104
-7857
-8577
-3757
-7606
-8622
-5744
2933
-9692
-145
-6834
-2478
-5329
-2578
-6318
9612
6072
8996
-8461
9755
-6236
-8360
9444
9373
3280
-6962
2107
-4726
3352
-1938
-798
6686
243
900
8173
5976
-6344
8593
-6805
-9466
7401
-8509
-4101
1913
6087
5978
-6787
-1152
7970
-7535
7817
-128
-4529
8416
-9697
3827
-1152
-7915
-4576
7433
1126
-6220
9354
-1810
9161
-3730
2290
-5398
4147
3349
-7684
-2231
8109
3687
4497
-5307
-3464
-7243
1599
-9969
2290
-9252
-1179
-7592
6144
-2451
9543
-2799
-5571
-7570
-6459
6266
6637
-7382
-5149
-794
-9896
-9464
-9781
-6699
923
-6251
5585
-1924
-1748
-2087
-5808
5144
8294
4502
-8357
8719
5839
4718
5586
6975
3236
7574
-8877
7885
4572
2177
5595
-4087
-9166
-2175
1862
3202
-5349
-9692
-5909
-7968
9843
6702
-3448
9723
-2230
2265
5126
3899
6319
8407
4936
823
-5331
2318
-9096
8430
7713
-4091
1702
-8087
1339
74
-4924
-2043
8840
7048
8513
-4167
7384
-8447
8926
-5763
3836
4453
7062
-6878
1822
5133
-8438
9729
378
2925
3245
-8487
1643
2811
-2423
1736
-8873
-6620
9475
2707
-4047
-9880
-8975
-9503
-9395
-8534
-5309
5395
-2511
-3251
6618
-4352
-4094
-5017
-3989
-464
3420
4044
-4275
-3805
5587
8298
9708
7371
9056
-7556
-6274
-1254
9278
-4131
3289
-8259
-2456
4200
-5784
440
4582
-557
6336
4684
-3224
5484
-5723
-1838
-9597
-1802
9689
-8255
5393
-8428
8399
2288
-3964
8891
1001
3290
371
-202
-6263
8608
-7068
6460
-157
-1860
-6629
-517
6653
-2067
-7000
6682
-4809
-5391
1051
-9284
3042
298
3639
-3442
-2248
1978
-8958
-8870
-6543
-478
-7532
1520
3288
8805
-3256
-8819
-4239
-5650
5962
9750
1769
6819
-3031
-314
-7452
-7027
4608
3030
-1330
-6870
367
-6741
4200
8543
6854
4507
-9913
-5704
-6135
-8070
5867
-9675
-4759
-8056
6877
4746
-6512
-1915
-7736
-9782
4482
-796
-5048
-1494
7751
3499
-2388
7917
-6159
201
9868
-6887
-2872
-5885
-4694
3356
-6082
716
3104
8110
-6718
-9830
-5560
6618
6732
4198
7454
5722
-2922
-968
-5224
1253
888
-8210
-7669
1956
-7899
9515
-1156
-9758
-6552
3601
259
-4120
-7077
-6308
-8483
4700
5249
-9534
-247
7762
-6643
3102
-4142
-8631
9835
3974
3189
6179
1079
3777
-8890
878
-8272
-177
-6513
4577
-7203
-5612
-1854
-3334
-4245
6929
-7722
-9829
8027
9248
-1321
-5963
6963
-2337
-5093
2252
2041
113
3349
-1020
-8545
-1522
-4729
-9886
5770
3912
122
-2693
3380
-8943
-5168
4762
-1419
-3658
7697
-7750
-1203
-3395
3532
8070
4084
1256
-1626
2845
-5113
-414
-4318
2672
-8087
-6920
-7549
-3404
-2922
-4885
-1019
-6619
-8251
810
5899
1232
-8014
-5433
-2646
9165
-2030
2591
-574
-3092
-8198
-7232
7265
4021
-4570
756
-5679
-707
3546
977
-9451
-3470
5119
3327
2071
7763
-6426
7040
5068
6389
5596
-9488
-5638
-8326
-5492
-3372
6073
-8341
6461
-2749
5035
8801
-7276
-4955
6639
7166
-1202
-7157
5860
-3107
8155
7648
-617
-2242
-4518
7364
920
-7248
8958
4944
3616
3103
4636
4823
383
4872
-5540
6689
8736
-415
-9567
4256
-4881
85
4188
-3066
-1787
-6701
-2322
-3664
2880
-8023
8515
-7582
-983
-8492
4408
6243
-3833
-655
7222
6942
5630
-3461
2813
3691
2275
-928
-3257
-5594
1186
-2388
-2243
5351
-4040
-3909
1037
4460
7610
-4498
-3729
7116
3483
-1100
-99
3818
8443
-8316
7495
2133
-3482
6468
-3882
5267
9984
3278
-6273
-7483
-8392
-3360
-5168
-4809
673
5746
4424
8152
-9500
-9160
-5109
-2353
7718
-7220
-2649
3531
-2371
1605
1308
-267
-6827
3239
1963
-4134
4315
9493
9644
-7510
8140
-9623
9409
-3410
8026
-5087
5340
3546
-1752
9987
898
-6938
8461
-992
5259
-3763
-376
7871
9770
-5198
-9929
-847
1046
1799
-7838
7303
-5543
3440
476
-81
1747
6918
7005
-9746
-3505
-7355
-1937
2113
-46
-6516
4886
6413
-851
985
-797
6940
1359
4800
-9631
-9024
6800
914
1589
-8064
1852
2831
9717
2431
4822
-6823
3834
6923
-89
8378
-2111
-3048
8677
4143
-4604
-7460
-7721
7735
998
-8863
-8845
-3745
7000
-466
-7688
-72
-8532
8505
-3876
-1017
5414
-6050
4944
893
-9061
-5707
-712
-3659
-5044
-2835
-7163
1521
6382
-8772
-9363
9097
-674
-3592
-1467
2592
-3044
2263
-1517
7033
4985
-9808
-9100
-5728
-275
-5505
-2499
4479
-3761
-9129
747
3180
-3106
3959
2068
-2195
-1457
-2601
-9770
-3694
-9541
-9254
-598
6569
5014
-6792
8636
3072
1669
571
9366
5148
2444
-1772
3099
-1290
3531
1016
7826
-2548
-6292
-8283
2989
-2423
8214
-2464
7382
-9173
6992
-8363
4251
2280
-5734
2460
9502
6985
-5128
-2958
-6202
-9481
1344
-4345
-9593
-6152
-7644
4425
-3586
-7876
-2817
-9145
-4356
-4600
4702
-1519
1033
64
-4857
-9040
-3825
4043
-1800
7445
-431
-1898
-8450
-1795
9871
8643
-9288
7187
1572
-6140
49
524
9456
-8677
-5294
-6940
-1169
-5363
5927
-7420
6188
-7604
-9158
-7958
-2364
-1030
-5445
138
-7889
8370
-267
7342
3982
-3738
9564
7131
228
8704
6433
3450
6233
-4305
-8885
2222
6603
-8030
5926
-996
6086
-470
8002
3365
6721
111
-2817
-1792
-7937
-7699
-5877
-7999
7660
-4756
-3018
-1088
1255
-7977
-3761
4079
261
3315
2003
-6141
3255
6421
836
-8614
-1951
77
1962
-9000
2726
1055
7751
-2103
3250
-3156
4229
9667
-2132
6060
6939
9350
-1367
-9248
-8884
-4146
-3002
7806
4080
-7400
1526
-2972
4947
-9767
-1142
1920
-7697
3843
-6003
-5440
3199
-5653
7653
-4894
2559
-7896
-8593
-1374
-9196
5119
677
-6069
-1604
3009
7140
6004
-9774
-9213
-5793
-3807
-7681
8932
-2436
-6568
2416
1357
1301
-7108
1433
-7205
5553
800
8802
9133
-6828
8285
-4951
-8604
4751
-8784
8767
2719
1555
7077
-8925
7476
4413
4481
-9243
6069
8467
-5714
4962
3733
1699
6803
8967
-7307
-927
-6587
-5743
-8912
-8861
8446
1710
6233
9011
-9846
9975
1595
-9463
-7032
-3806
4134
-9536
-6263
-1908
-2199
-3583
1005
2577
8798
507
-2637
-369
-7067
-1328
8061
8209
-5907
1104
-7567
-4880
7817
-357
-572
638
1870
-839
-3090
2272
-3370
129
7718
9060
-6385
6777
-5695
7152
4447
-734
-1323
1572
-3798
-7503
5569
8986
-5884
8022
8240
-8157
-4946
4251
-7791
-6445
-1090
5377
5956
-3314
-3020
-9992
1010
-5187
-6099
6926
-50
7534
-5355
7967
-7227
-3216
1806
9248
-984
300
9555
3302
-748
6999
-212
-8319
8313
-2509
8640
-4983
333
-2321
-8420
772
-4268
8786
7648
9179
4667
3119
-7024
-6373
4819
9487
-6166
526
-9124
-3166
5817
-8421
2892
-4133
-7935
-2334
7244
7832
-2874
3660
-1466
9021
9628
3417
7838
4224
2619
-6330
6636
2434
6665
4690
4211
6468
809
5379
-3649
3873
-6733
-3916
-4348
-4689
-7719
6290
-5110
3922
-8038
5037
-7502
-7586
-8522
-1644
-4247
4578
-2754
6012
1132
4838
-2742
6524
8429
5855
6229
3071
4635
4896
-2794
5940
8516
8758
-9227
-9045
7397
-5599
5499
-2603
-155
-7784
1581
-7693
-4981
-641
5661
997
5727
6792
3714
-9121
733
-6681
3231
-4660
-8403
8304
-2436
7905
4800
7799
-7191
-8679
4806
9768
6830
-7511
8510
8031
5661
6634
-1533
6063
-889
5043
-2027
-6597
4854
523
2230
-7167
9158
-7244
-4406
9466
4313
-7869
7545
-1128
8435
6382
2581
3295
-2399
5844
-1445
-5352
4457
185
8483
7351
-5152
-7939
-7373
119
2083
4532
-2609
8468
-3966
9272
6658
-2217
-4194
-1765
4724
902
-3998
-951
9182
-583
501
3043
-9374
-8235
-1185
-8703
5736
9361
8538
6577
7711
9519
-3766
-1440
-8868
-1177
-5603
8065
3061
8185
-3976
-6754
-676
-2962
7480
-4243
-2220
2170
-8824
-5239
2977
5702
-4973
-3952
-2960
1539
-7217
-8399
-1323
2723
-693
8081
4350
1169
-8461
7758
-2836
3807
5012
6115
7197
-5005
2767
378
-3966
-2581
9965
-8304
7379
-5612
8922
2305
-3387
7516
697
-3765
-4565
6995
-938
7654
7926
-4702
-1250
3219
4525
-231
6161
7172
5931
-2641
5671
3848
-6523
-1946
7387
9630
2070
2394
5429
-1280
-2644
-2863
-2241
-1676
-8265
-440
-5125
1998
8938
-2796
763
-6348
-517
-692
842
5375
8969
-1958
-6240
7276
4832
-3873
-347
4602
5552
2212
9334
-8411
355
-6974
-9221
4922
-650
2905
5153
-1003
-4712
-6184
2260
-9367
-9191
-613
-5006
5098
2755
3173
-5780
9640
-8318
-2590
-8678
-4213
3962
2309
7802
-2932
-3639
-3304
-9535
-6184
172
2493
-6190
2575
339
8581
7992
7532
-9873
3151
659
-9192
5758
-3714
5836
1310
-9552
3108
-6306
8086
-9809
8334
7816
3626
-6646
-5741
-3069
2645
-4706
1091
-1282
-4868
-5635
-8940
9173
-4877
2719
1559
2288
7836
7220
3850
4637
-8855
6138
2881
3539
-7999
-7967
-3544
-7411
3605
9714
2745
-6176
-1918
-463
4271
5143
-218
-4366
-1811
5958
-7893
5999
5068
1006
4789
9368
-7882
-7538
-831
-9578
149
-2679
-4747
-208
-4093
4014
1056
9713
3349
644
-3226
1916
-8893
-5799
7357
3139
8347
-4086
-9863
3320
-6170
-5046
-7991
8027
6169
5050
-3253
6640
-5260
8847
-1891
3598
9746
7410
30
2547
-2101
8042
-5648
-4932
-1548
4533
9670
-2596
7548
-5127
-5559
4818
-4669
-2022
8160
-7380
-7948
8722
-7651
-3073
-7715
-6561
4612
-1618
-6715
-608
-682
3758
1127
2464
-8651
6920
-7952
-316
-5996
6912
-2545
2278
-4239
-9002
-682
-6031
1233
-1755
1210
448
1255
3445
6765
-274
-4783
-7906
-5241
1675
2790
3307
574
3346
-4152
5052
3287
-5193
292
3320
-8319
5137
3198
-1402
344
6249
-440
-4659
64
9599
-5258
5537
-6558
2801
-3722
7449
9173
8560
-5863
-2209
8870
-3858
3608
-2595
-5605
9344
-3198
6491
-2709
3723
-8784
4626
5647
-8717
-2022
-8590
-579
-9457
-3478
6552
-5939
2176
8825
-3696
-5727
-3941
-8446
9442
-5406
-7126
-8018
8301
8504
9798
7937
-9491
-240
-2378
-9241
587
-5980
-5630
8397
4330
6302
954
584
9573
-6841
-8347
-4998
6386
5503
1900
8029
-7399
-2935
1650
-3770
-893
-885
-6165
2482
1187
-7921
8096
-543
-2107
6142
6102
5662
6095
-7557
-6068
-9121
-1247
-675
-2398
-4263
-6505
-5248
-2030
-3664
4339
-8087
8917
5657
-5783
-627
7124
3374
8005
-7653
-7926
1508
694
-7687
-6391
9618
-1194
-8935
-4391
-5803
-2025
461
5268
6340
4437
3260
-3611
4673
-8674
6177
-6466
-2897
-5556
6414
2867
-8077
3861
-5248
5267
9197
-2179
-1180
723
1048
2911
2342
6398
-9533
6121
1634
2627
-5391
-8711
7926
-5760
-5877
5222
-7048
-2348
-8508
-1241
-2078
4345
1362
-7112
2026
9127
-3105
-8374
-9068
-6439
2623
-4610
-3623
-5072
-4618
1024
9075
-8070
-2436
9113
793
8530
-5644
-4816
2320
-1820
-3364
-7795
-6409
8720
-4201
-4190
2683
-7300
-9857
3759
-3341
9332
4278
-2675
-1506
-2767
4500
-8525
-9793
-1610
7687
-6696
6430
2697
5206
6973
-7223
7850
1255
-2650
-3590
-1835
137
348
7158
-9638
682
2102
1068
-2675
1406
-3290
-2219
-9632
3664
-5190
-6392
3872
-9044
5136
8336
5056
-4701
5473
-900
292
-9133
2274
-8035
1560
-9365
5774
-8295
7166
-9374
-9148
-8426
-506
2385
8173
2360
-88
-2698
81
-7845
5574
-9409
925
-3463
-6302
965
228
8273
-172
629
4113
-2404
3731
443
4426
-2285
4988
8057
-6123
-3761
2479
-2844
3013
2245
5421
-3899
-5930
-9948
9954
-2641
-9077
-7749
8580
5397
-7854
8710
8804
-7370
-3336
2521
-388
2712
-2267
-8204
-2610
-8671
-1753
6186
5155
393
8701
-3878
1442
-6108
-4003
2004
9338
5750
-404
-6370
-3471
21
1771
6728
-2193
6415
-5255
8743
-1829
-1000
8321
6535
5020
-4923
-110
-4705
5734
-9660
-3173
-2807
-2501
-5913
2403
7165
-1386
-4407
8073
-2510
-5239
-2366
-7652
4171
1619
4570
1441
3927
-6008
2618
-4940
2563
4945
-8483
-2280
-6590
-6245
-5073
9158
9644
-2291
-9403
-5675
-4535
2105
9160
2141
5368
2157
-1792
5201
3638
9182
2955
-2154
4118
6782
-4476
139
4686
396
-31
8576
8339
2295
9
5655
5910
-9029
9529
-7573
4335
-8376
-7951
5743
-9130
-7588
6284
6459
-2812
5788
-4670
8386
4593
3358
9298
8255
-915
-1869
-5107
-4057
-8751
3550
-9076
-9302
-8945
1937
-1495
-1178
-6493
-3528
-7655
-2244
3136
3760
-3618
6990
-4234
4848
-9417
-4677
4997
8368
-9339
-939
9719
-9064
2586
5823
-6262
-251
7626
-5477
-668
7042
-5176
-7750
-9410
-3755
4834
5304
-7508
-7767
9734
2577
-8065
-6555
5782
-7042
-9522
3758
2546
-5310
-7601
6013
4876
-5956
-8429
-2743
-2008
6990
5063
-4752
-5508
-4614
8903
1986
7009
-3180
5842
9424
8145
-9763
1240
6000
9712
3031
6211
3764
-1569
-4459
-6225
2245
-3004
4954
-7188
8853
-4060
-3184
-6699
3405
174
-3880
-9344
3826
-5145
294
6566
5790
-1195
942
-2288
6960
6900
8765
4986
1816
9560
-8890
3740
9437
-8288
-1545
9730
-7578
7544
-8627
7688
-8874
9813
1197
-6768
9030
7505
-4181
5722
-3378
-9514
6863
5719
-7779
-2819
-4926
4269
-1956
-7377
-6990
-3921
1301
3212
3079
-8224
6855
-2767
6485
653
-7895
3684
809
-1844
-392
7569
-1047
-1422
-3771
-3699
2251
2391
-2038
-1722
-8419
951
-4282
9218
-5495
2285
5689
9925
-9835
-1193
9705
5897
-1158
4277
-2375
-5580
-1926
4437
-4317
-4960
4668
9777
8806
6595
-6369
1780
-5707
-3236
282
-9771
4934
80
4269
-4337
-9908
-6065
8486
3430
-8224
-2626
3470
-720
4778
2973
-9913
7851
-7034
-3104
-7311
3820
-8953
-7528
5828
964
7810
3141
2507
7911
2069
-2428
372
-2543
492
1618
4782
-7237
3460
-3619
9552
-6657
-9169
6911
9733
9015
-9953
5216
5570
665
-3543
2978
-3305
-468
-7201
-3207
-8037
-9301
-2430
-9033
-2183
-5232
7966
-2865
-4988
9300
706
-4772
463
-1849
-8730
-7113
-7797
-4504
8304
785
-275
3488
5775
-143
-9551
-2999
2484
-3938
1014
2681
6675
4323
5875
1644
2180
-3126
-2079
6479
1066
9617
2365
7251
-7877
-6307
6860
7155
-7023
-9898
-5245
-3780
-7708
396
4692
8911
1851
-6648
4087
-9017
4493
-243
-1981
9003
2537
6310
-9611
3918
-5074
5877
-5269
-8919
-2367
-5424
5253
-5159
-5495
8115
6349
4589
2938
8390
-3064
3918
474
-4333
491
-3108
-5835
-3356
-3754
-9658
6860
2866
-5563
-9864
860
-3507
412
-1254
-4245
2449
4252
-4897
-875
-8936
-8389
9810
5606
4083
-5274
-3430
2533
557
1377
7089
6212
1643
-1593
6731
1770
6731
-8417
6209
-2580
-7388
1303
-1816
1327
-8114
-5785
-5326
-991
-1127
-6130
2470
-106
4325
-9865
5504
738
6209
-8145
6522
-62
-7482
7012
8096
-9348
-4580
-3451
1006
-5839
588
-9090
-921
-3685
-116
-864
-3859
5055
-6366
-5400
778
-5989
8949
-7410
7634
-8034
-6718
9450
5577
-2731
-4418
9080
-5626
5848
5399
4506
-9381
2426
-2060
-1974
5671
-6116
4321
-8200
9155
6474
1393
-4410
5599
-1286
-7574
-7305
-709
-703
6395
-7904
7287
2878
3091
-5644
-3475
-2073
3482
9410
-3998
6101
-5548
8456
1156
3522
-5806
6091
-5010
-8590
-4901
-1314
-6565
-2916
-856
6461
1186
4167
-6817
-3661
-5891
3351
1535
8591
-4706
4923
-9116
1159
9462
3074
-1281
54
-8631
-2327
-2824
3377
-4704
-41
-7853
-2325
2660
-2623
-4221
329
4530
-6444
-2585
2327
-4049
-7795
-7938
-5147
6142
1307
-3963
442
7443
-9095
9895
8150
-1016
-9164
-5701
184
-5615
8977
-9427
-1346
9988
-3394
-2463
619
-194
2638
4560
1115
-3241
-8845
-3727
-5621
1438
8753
2619
-3319
-8566
570
-3760
6608
-7884
-6257
-7730
7369
-7560
-9157
-587
-3630
2688
-8327
-2507
5301
844
3189
5750
3012
-9720
5202
7252
-8471
-8982
-6680
-7780
4408
52
7118
-5406
-6626
-8918
1750
7176
-2845
6031
-1680
6827
-6703
5171
-1668
5473
-5879
8815
3313
6203
-7065
6274
-7513
5709
7655
9828
-4301
-4708
-8767
2883
-8834
-4564
-2702
-5929
2334
-8488
-7191
2311
-9993
-5097
8065
7695
-8978
-9506
-1782
7862
7905
-7662
-9221
-3026
8628
193
7316
9261
-3348
655
-8520
2312
6838
7521
5121
-3703
2246
-5340
-5971
5731
8670
-9636
6941
5218
8035
-6582
246
-6639
-434
3006
9642
9223
6899
-3213
-1473
448
-3102
938
-9826
4007
4505
4899
-8646
-3823
4073
2830
-9238
7830
8010
7751
1709
-624
8518
5489
-3214
-823
528
-4539
102
7792
-3363
-4787
184
-7953
-7103
8676
-6355
6258
-9679
-6164
8155
-2033
2484
7233
-5765
-1674
-3319
5624
-3032
-797
9353
9526
-5678
-3969
-6415
7110
7626
8969
-6970
3259
-8486
7816
-6753
-2821
7831
525
9602
6727
1524
9611
-3437
3737
-6118
7425
1509
-24
2462
-9531
9025
2581
5073
4034
9028
-3348
-8327
1065
1476
-3264
-9133
1624
-3032
9483
-1157
8097
4052
-4049
-3207
-1477
-5723
829
-9811
2519
4216
9440
-17
2227
-35
406
8659
2102
-7467
9957
4170
-1660
-4175
-9297
-3535
2031
553
-5644
6499
-5989
8287
-1444
6725
5013
2488
-8592
-3100
1742
218
6556
-8456
-2152
1033
-2476
-9800
-7608
-5321
-6730
7964
3775
-9179
5747
-2886
-491
-3288
1156
-1805
2709
6734
-4726
72
-8539
-7158
9282
-2454
9806
-4807
3289
5822
-3339
5367
-2766
-3503
642
9350
5641
-5683
9678
-9991
-4127
-7976
-2920
-9101
-8604
7119
-3823
-4636
-7391
-8754
4133
2888
7218
-4900
-7086
-364
-6220
3246
-6798
-7501
-306
2219
1185
-7687
-1541
9647
-1513
7312
-5652
-6065
6901
-2370
8845
-5190
9152
6768
-6831
-9713
6646
-8351
6658
-1554
9015
6108
-5909
-4436
-6362
-2794
5656
-1984
-7773
8195
-4616
-2636
-570
-6714
-2309
-7925
-2018
-3762
-7812
-7039
-3524
385
-7698
2408
771
6012
-6446
-9991
5120
-584
2110
6435
-361
-9623
-7429
9898
7354
-9691
845
7028
2373
4098
1279
-290
-371
-2239
-8745
3485
-9408
5392
2404
7498
2013
-9258
-3743
-7094
-2514
-4320
-1830
-8756
-3752
8291
1805
3091
94
3720
-3584
-2003
-4367
-8747
-5177
6292
-1561
-1085
-1860
8813
8008
3468
679
-6711
9931
3900
9161
-5084
2231
8802
6727
-181
3106
9551
6652
-3788
3023
-1549
2551
-7946
8515
-4740
7384
3912
-1041
-7271
-9888
-7298
-9759
-5715
4942
-9736
4687
-8005
-5895
-6828
682
-4628
-5412
1222
4997
-6775
2425
-7306
1482
-5321
-6155
7666
-8345
-2780
-3317
4944
1523
-7766
-4251
1667
-4436
8289
-1341
4777
6024
1135
6566
-9034
-2891
7617
8919
4925
3140
9649
-4690
3507
5788
-3208
3001
3386
6781
9484
-2664
7261
-2771
8268
-9030
-9969
-1998
-8154
-3333
-5740
-1336
-8301
-1663
6685
3743
-8853
5780
9243
-937
-5699
-8801
8898
-9452
4186
5421
2713
2571
-3600
4475
4584
-330
-4865
8451
3822
-8944
-3568
2451
1289
4960
4393
6725
-2123
3448
-3613
2590
-6303
-3383
-8783
-2354
-8344
7595
-1670
-8172
-6443
-5172
-7084
-7081
5742
-3774
6005
9951
2144
2045
8392
5613
7252
-9245
-5222
6576
-2392
-7670
-5888
-5
6629
-5692
5402
5650
-4593
8691
802
-1154
-2357
-5227
6832
-2036
-8144
4172
-8413
-8323
3228
-29
5463
9465
-9676
-9544
2795
-6458
3254
-8770
-2571
4759
7729
-9341
1409
2485
-8034
6614
-419
-1006
7800
-3697
2351
7917
-4030
8909
9050
554
4888
-7487
-6150
-9043
-4746
-7105
5756
2592
4735
1455
7847
-2805
6112
8866
1492
3739
9325
-8929
5134
-4480
-6897
1910
9985
9610
9451
-29
7724
8008
-823
9754
-1249
-4186
1074
-9787
-8266
6628
-3023
3421
7262
-1860
-4266
9023
-67
-883
-9968
-5794
6110
9953
405
-4740
8181
-4978
-5
8461
6891
9367
3440
-3727
1888
-7352
-8385
-6724
6276
-6479
-1308
-1533
3134
7062
3585
-8643
4213
162
55
-2110
-5923
-5806
2120
1301
8208
6857
5292
-3186
5850
2472
-6448
547
4050
-4190
-3639
4569
6958
-8994
3969
-6050
-207
-4567
7217
-8762
-9590
7788
-2319
7317
5639
-6173
345
-7598
-9281
-7881
6953
6344
-3524
736
1589
2774
-5349
7584
4709
-5055
919
4572
-9643
26
-464
-5999
8955
9282
-5323
-5641
6798
-687
7235
-3616
-6711
5643
7367
3418
-2209
5929
9239
1181
-8589
2274
8386
8410
5468
-2159
8435
-9320
6755
6526
-3773
-4537
-4184
-2634
-6241
4353
6495
529
6476
6586
7185
7879
-8746
3621
-562
-7918
1501
-6004
-8293
6894
3695
3209
9896
-3668
-7708
-201
9497
-920
-4948
3911
7784
1751
-3651
-6684
377
-4156
5266
-7197
8099
-4910
-9827
3838
-3710
5773
-1012
-6774
2623
-9243
4199
-7504
7011
-9281
3698
-7766
-4866
5627
-5764
-4312
9390
1094
-7143
1733
-2061
-1220
-1567
5158
1363
6177
-4803
2142
1822
5228
3060
3556
-8336
-4427
-2771
-3186
-1048
-5580
6655
2401
4901
6887
-9967
7805
-100
2737
-4373
-9187
-154
-216
8821
-4833
2040
-225
1941
-162
-8812
8810
-5135
6099
-5999
3055
-1509
6338
-5990
-764
-918
1453
-241
4563
-3917
-1875
4899
5546
-7487
-5774
5831
-5068
-2641
-8136
-6533
8056
-7963
-899
-1738
-4881
-7292
3532
5091
313
-6272
-9393
2109
557
2998
2541
7388
-3253
815
4601
1179
-6709
7682
8777
-5647
-9444
2711
-678
-498
2950
3346
-2746
-7304
-3132
7398
4276
-8103
1340
-6545
9609
-6302
-6217
-9752
6484
-6714
-5931
-5768
3315
5407
9279
-7571
-90
7640
-4277
8909
-4342
8714
-756
-4517
-6057
-4008
-1550
-5291
3026
-5785
3285
-1016
8744
6428
6950
-8206
-421
-7436
1072
-1207
6181
1084
4276
-2651
9695
3560
-674
2730
5857
-8139
8144
-4581
-4476
1101
-5139
8243
5735
1020
-8086
8225
6592
7453
-9093
7771
1282
-5843
8733
-7360
-4027
-7692
3213
-9526
8736
8202
9796
7190
-291
593
-3937
3334
-1117
-3456
-8985
4919
9131
-3706
9746
-1373
5884
-5657
612
-3737
-358
-6615
3938
-9121
-5631
-7656
-4026
-5926
-5338
-9694
-2107
-4347
4616
1144
-6498
6729
-7980
131
-3244
8849
4570
-3292
6679
9390
654
3852
-7639
8525
-5220
1233
-9091
-5411
-213
-3125
-7915
6701
-22
-7866
-527
545
2175
4505
-9640
-2806
-2358
1084
-4904
-8173
8064
9414
8427
-6314
-6975
2931
6253
-7842
7015
-8078
-3329
-3151
1552
-864
-6492
-9816
158
-9888
-7170
-3310
5606
5077
-8030
372
5976
-7354
-8695
1219
8925
-5049
-5091
3243
-982
-4910
4061
-5679
5267
2034
-7135
-2481
-7667
1989
-810
-956
-9087
481
-3717
8153
8148
-1717
-5921
9739
-4098
3210
-3901
-9502
9078
3710
-6264
2748
-6398
-710
-7492
-7701
-7021
9865
-533
1315
-2614
9105
-8884
5103
2205
-7845
-2474
3738
2535
-7149
9893
-2220
-8626
2381
3168
1571
2804
2365
-2155
3237
-9020
5998
6125
1240
470
1904
1432
449
8602
4649
3244
6646
3227
770
6197
-173
-1828
-1714
-5788
-7945
-3720
1835
187
4474
-2776
-7627
-4936
-5556
7897
-5947
1821
-7007
7754
-3158
-5859
-9455
7604
-41
6847
-3405
-3554
-312
-9896
31
2023
-911
-1218
-314
-3641
-3331
-8332
8467
9556
-5897
9948
-8503
646
-3457
-142
79
-8246
-6149
-1877
4620
-2741
5756
7667
207
1083
-3027
6286
-5045
-3719
1572
3927
3645
-3268
3248
1134
7740
6476
7647
-8550
-9190
-9183
-1366
-7209
8820
4411
6363
4085
9756
9108
2221
999
-9618
-8199
-1195
-3607
-7121
-3257
-97
-3035
-672
5796
2076
4369
-43
-1483
4564
204
4255
8696
4107
-3803
8404
-6626
-4183
-6275
-5955
-4257
-8303
869
186
-1987
2221
2036
-3750
-1923
-9686
8429
-9396
-1153
-6881
-1958
-1406
5166
6406
-2020
-4818
-9172
-7727
6874
6803
-6135
-5180
-3700
8050
4422
7845
8962
-9372
-4917
2685
3352
-5635
-8588
-1156
1071
6052
-3676
7224
9009
9316
5701
5692
-6242
9780
4470
-707
-108
180
3315
-2424
6127
-7878
-7215
-9905
9944
-424
429
-4009
6344
6211
-4608
-9812
-3796
1640
807
-9739
9588
2996
-9647
-7108
6429
-7365
-7983
2753
-1657
-201
678
-1264
3153
2685
2495
-2646
9194
7368
-7516
8809
-7209
3245
8613
536
-6186
-7408
5333
-476
-4081
6155
-8289
-6615
2141
-9336
9634
9209
6257
52
-5955
-2693
-8340
3619
2362
6759
-7886
7052
-4229
-9125
8479
2176
9406
6005
-49
8728
-5433
1320
1661
5520
24
1399
9602
-3452
3895
-8805
5390
-9951
2107
-1839
3907
1016
-9197
8268
-3433
8651
4157
-286
7640
534
-9321
-7318
-5220
3266
4128
7059
-6811
-6661
-4385
6827
-1375
-9427
5958
-2421
-1684
1401
-7863
-2043
6800
-4965
6177
-5673
5498
-6351
2985
-189
-8768
-5808
4741
-7975
7154
2897
3016
3940
6452
-8947
-4860
-4730
-785
7812
-9020
7763
-2889
927
-596
7538
-459
-8062
1773
4365
-1699
-7053
-2410
9223
2542
3049
-4586
-6560
-6718
8862
-1052
3091
9326
-3115
1331
7342
5002
-271
8156
2936
-502
771
1117
5358
518
8422
-1466
2767
8638
9062
-7641
3110
-8191
6988
3124
742
-9501
-6104
-4005
-837
5155
1622
6185
5123
-2806
-2425
8207
6830
-4814
8500
-6514
9927
7320
5795
9517
4213
7272
-9483
-4215
-4267
9575
1597
-277
-1257
3719
2501
6329
307
1276
-2600
9956
8122
5116
-7499
-5118
-9198
9900
6247
4227
7332
-4191
-7293
3318
2103
-4229
2152
5360
-8237
6530
9598
4900
-9974
6575
-5120
3294
5448
4661
-5104
1656
8153
-1318
-5894
-9070
-2691
7921
1345
-7667
4868
7461
-2884
-9817
-1838
3394
-9911
-1892
5759
-4855
-8437
-6627
-8009
-7405
-1495
6971
7085
9223
-1419
1112
3205
6239
694
7253
761
747
-71
-9827
-5336
-8853
1714
2141
5430
-6887
-9717
-4490
4311
-6228
2163
-68
-3847
6592
7936
9646
-4397
8530
-3818
-7030
-9399
-9262
8626
6045
-5552
-2022
-7802
1453
964
6740
-9303
9436
-1612
-755
9139
-46
-3879
-6623
8582
-4441
-8656
-2393
4729
5909
-8253
-945
4104
-5886
7689
-5910
-9805
-8979
7269
-6145
8277
-4707
-5819
9281
2133
-1631
151
-3130
-3131
2348
-8951
3062
8460
9570
8055
3734
-1646
4360
-5507
-1275
-1194
-8249
7391
-1189
-7368
2780
9943
-1968
-1565
8520
6117
-6332
-5263
2924
8641
-147
452
-4842
-4459
-2820
4860
6117
-8526
7784
588
-6202
5955
8049
-4312
7353
966
-377
-8365
166
8604
798
4242
-7628
-455
-7074
4941
-2885
-7772
3853
-1120
4410
7173
6351
9685
-1479
-9215
-8895
-7871
-7857
7202
-6269
-607
4077
7512
1430
-3504
2878
4239
-7292
-6555
8329
3913
-6520
8550
-2152
-1432
1975
-1384
-2223
6315
295
8435
-5911
171
606
-1002
-9709
2408
9490
-9326
-6477
1131
7841
-5537
-1261
-2652
2538
-9412
-5500
8895
-9028
-2240
-4791
-3564
-728
2299
3116
2735
9459
5030
8599
-8815
5179
-643
8124
1480
413
6169
7081
2139
5230
-3204
-53
6809
7248
5250
-9394
1243
-9841
728
1054
-3218
-2185
2062
6404
-9076
4597
-6455
-8815
-8566
6185
-1284
-7683
169
-9091
3813
76
8925
4856
-6333
-717
-6165
-7216
1685
-6221
-5042
4433
6333
-9775
-5373
8623
-2543
-7739
-9851
-8320
5073
-8726
7037
-5886
8219
-4259
2601
9526
3501
-3344
-1133
-7543
-2634
1903
-6550
7110
-2797
-2217
-6747
-6885
1979
-2993
-69
-4836
-3019
9168
-7116
-1977
1122
5387
-1273
-8868
-4284
-2602
3542
-9742
-1984
7657
-1662
3062
9386
6624
-6954
3295
6964
-5492
2954
-6401
-1607
-5659
-7985
-2513
-640
-6270
2370
8920
-6740
-5478
529
1646
4833
5014
196
840
-8501
-3039
-8220
7754
-6264
-1655
-4106
8580
-6081
1156
-7481
3490
3275
6581
3817
-1992
-1188
-3934
6240
7489
-935
-2347
-5554
6198
5355
-6469
-7417
393
2472
1753
2084
5685
5453
-1541
2739
-5870
9312
-9943
7389
492
-2918
9146
6150
-7987
4171
-4562
-1892
4924
-6477
1305
5691
2027
2138
1926
7539
-5107
-1892
5193
-5574
1500
-5453
2936
6415
-3599
1728
-9166
9093
-684
-5314
-6915
3239
-9735
4812
-8731
-5831
-1559
-3923
8203
3805
805
4106
-7416
-9065
-2642
1021
4654
-1588
-8211
-1933
-4338
-9217
-1190
-2951
-4915
-9882
-6047
6642
-5831
4309
2490
-2682
-6192
5774
4595
6947
220
6342
-5847
-4061
-1208
8387
4296
-4032
-3280
1806
7904
3596
9417
-363
3812
-7991
-2518
-451
1230
-2335
7129
-3287
-2885
2819
8825
-6834
-490
-9203
2851
-8266
-5683
-6483
5799
-2185
-5595
6483
1760
5360
-3850
-3729
-2462
1921
4643
-662
4256
4800
6820
-5696
-4244
6120
5104
-5617
-586
7179
-4555
2038
7189
-3422
8518
9932
55
-7416
-5086
745
1
-9466
1221
-7376
4296
687
3806
767
-2357
-2964
-5738
-1548
-9541
-9114
-4471
-9670
2254
-5433
-9909
-4758
-3598
4939
-2679
5868
5794
6007
3863
1438
645
8907
5836
-6778
-4194
-9139
-5077
-7078
-7843
5731
-1182
-1423
1632
6810
367
-9066
3728
-52
-18
-3125
7882
-4064
3456
5042
4241
1265
-537
4397
413
-4721
-4394
2660
4365
-2136
6064
2057
6912
-8957
2544
4781
-3659
5391
-4316
480
561
5548
-2993
2829
-6008
-3094
163
6520
5159
-3682
-8171
5424
-8726
-224
-9038
2567
4552
-8557
-907
9877
-9431
309
221
6987
4268
6502
4563
-3662
-9611
2030
-1005
4322
2078
5085
496
9221
-7491
1644
-2657
-7198
6071
-7730
3938
7503
9183
-2149
-9287
6199
-1173
2782
7831
-2478
7429
-7991
-9050
-799
4290
-5469
9051
7053
4003
7727
4706
-5619
5500
-6835
5576
-8593
-8129
2810
-364
2973
8678
961
8759
6388
-2204
-6793
2787
7135
-3645
7512
-5677
6328
2470
-3674
-4891
-6469
-2816
2532
-1907
8365
-1940
9376
5212
-5876
2773
6958
-3549
-9569
-674
5652
-9415
7403
-2449
-9591
5243
1615
-7536
7781
-290
-3913
-4704
5497
2757
-1580
1961
4196
4279
1496
-268
-6701
-4247
8129
-9912
-872
659
-2539
-4534
8250
-2052
-1198
5293
7306
5832
-5382
-1323
-7710
-1386
-2761
8136
596
-7234
-5248
-6678
7889
-9410
-476
1025
-8761
-3659
-7446
7234
-3285
724
-6992
-4136
-6741
1316
-2354
589
-8475
-8692
-8096
5179
-2314
801
-9651
9927
-2028
1337
9407
-5102
-4289
-5196
-3083
-3428
-3787
-9698
-6591
7195
-5490
5460
741
-2898
2613
-8116
3946
-2423
-3684
6927
1512
8303
-9971
4519
-2760
-9413
-8359
-1706
7580
4460
-5123
9195
-7135
-4907
5618
1555
-106
4303
9893
-5454
-4752
4463
-7867
147
742
4051
-7594
-5731
5077
-4561
-5594
-4720
4570
6657
9375
2345
-7467
9873
8010
7523
-9777
-56
-935
-6535
-1201
-9394
6979
5987
-7579
-7291
577
9944
-8418
6308
1180
6934
7876
2537
2897
5881
1456
890
9910
-801
-6124
-4810
-3314
2988
3997
5564
2578
5972
2049
2458
5535
66
1523
1666
-3446
-4360
-3769
-2017
-7961
5202
6452
-2464
6566
9841
8210
3288
-982
-9666
3079
-3645
7908
-1185
-4211
-2276
2272
-5582
-1037
7135
-2434
3008
1497
3305
7605
-2326
-2048
-3167
-819
-75
5840
-9704
-2351
-994
5904
3665
-9573
868
8833
7656
7878
2167
8647
-9322
8302
-3818
-6897
4218
-2699
-8299
968
-8806
-9702
-8485
9345
7085
7125
3080
-1177
-5130
1684
-6248
8666
9439
-576
-7549
-6932
7646
